# Blender v2.80 (sub 75) OBJ File: 'CubeDimension.blend'
# www.blender.org
o Cube
v 0.401477 2.046761 6.140714
v 0.399232 0.112960 6.651018
v 0.077527 2.550678 8.048887
v 0.075282 0.616878 8.559191
v -1.572111 1.966246 5.826921
v -1.574356 0.032446 6.337224
v -1.896062 2.470164 7.735093
v -1.898307 0.536363 8.245398
vt 0.625000 0.000000
vt 0.375000 0.250000
vt 0.375000 0.000000
vt 0.625000 0.250000
vt 0.375000 0.500000
vt 0.375000 0.250000
vt 0.625000 0.500000
vt 0.375000 0.750000
vt 0.625000 0.750000
vt 0.375000 1.000000
vt 0.375000 0.500000
vt 0.125000 0.750000
vt 0.125000 0.500000
vt 0.875000 0.500000
vt 0.625000 0.500000
vt 0.625000 0.250000
vt 0.625000 0.750000
vt 0.625000 1.000000
vt 0.375000 0.750000
vt 0.875000 0.750000
vn 0.0011 0.9669 -0.2552
vn -0.1620 0.2520 0.9541
vn -0.9868 -0.0403 -0.1569
vn -0.0011 -0.9669 0.2552
vn 0.9868 0.0403 0.1569
vn 0.1620 -0.2520 -0.9541
s off
f 5/1/1 3/2/1 1/3/1
f 3/4/2 8/5/2 4/6/2
f 7/7/3 6/8/3 8/5/3
f 2/9/4 8/10/4 6/8/4
f 1/11/5 4/12/5 2/13/5
f 5/14/6 2/9/6 6/15/6
f 5/1/1 7/16/1 3/2/1
f 3/4/2 7/7/2 8/5/2
f 7/7/3 5/17/3 6/8/3
f 2/9/4 4/18/4 8/10/4
f 1/11/5 3/19/5 4/12/5
f 5/14/6 1/20/6 2/9/6
o Plane
v -30.290787 0.000000 30.290787
v 30.290787 0.000000 30.290787
v -30.290787 0.000000 -30.290787
v 30.290787 0.000000 -30.290787
vt 1.000000 0.000000
vt 0.000000 1.000000
vt 0.000000 0.000000
vt 1.000000 1.000000
vn 0.0000 1.0000 0.0000
s off
f 10/21/7 11/22/7 9/23/7
f 10/21/7 12/24/7 11/22/7
o Cube.001
v -5.231828 2.332345 2.588438
v -5.303990 0.389514 2.119179
v -4.939409 1.857570 4.509135
v -5.011571 -0.085260 4.039877
v -7.209019 2.333035 2.889628
v -7.281181 0.390205 2.420370
v -6.916600 1.858261 4.810326
v -6.988762 -0.084569 4.341067
vt 0.625000 0.000000
vt 0.375000 0.250000
vt 0.375000 0.000000
vt 0.625000 0.250000
vt 0.375000 0.500000
vt 0.375000 0.250000
vt 0.625000 0.500000
vt 0.375000 0.750000
vt 0.625000 0.750000
vt 0.375000 1.000000
vt 0.375000 0.500000
vt 0.125000 0.750000
vt 0.125000 0.500000
vt 0.875000 0.500000
vt 0.625000 0.500000
vt 0.625000 0.250000
vt 0.625000 0.750000
vt 0.625000 1.000000
vt 0.375000 0.750000
vt 0.875000 0.750000
vn 0.0361 0.9714 0.2346
vn 0.1462 -0.2374 0.9603
vn -0.9886 0.0003 0.1506
vn -0.0361 -0.9714 -0.2346
vn 0.9886 -0.0003 -0.1506
vn -0.1462 0.2374 -0.9603
s off
f 17/25/8 15/26/8 13/27/8
f 15/28/9 20/29/9 16/30/9
f 19/31/10 18/32/10 20/29/10
f 14/33/11 20/34/11 18/32/11
f 13/35/12 16/36/12 14/37/12
f 17/38/13 14/33/13 18/39/13
f 17/25/8 19/40/8 15/26/8
f 15/28/9 19/31/9 20/29/9
f 19/31/10 17/41/10 18/32/10
f 14/33/11 16/42/11 20/34/11
f 13/35/12 15/43/12 16/36/12
f 17/38/13 13/44/13 14/33/13
o Cube.002
v -7.319985 1.844004 -2.081887
v -7.210522 -0.134809 -1.812968
v -5.588337 2.072206 -1.107557
v -5.478874 0.093393 -0.838638
v -8.314678 2.023514 -0.356094
v -8.205215 0.044701 -0.087175
v -6.583030 2.251715 0.618237
v -6.473566 0.272902 0.887156
vt 0.625000 0.000000
vt 0.375000 0.250000
vt 0.375000 0.000000
vt 0.625000 0.250000
vt 0.375000 0.500000
vt 0.375000 0.250000
vt 0.625000 0.500000
vt 0.375000 0.750000
vt 0.625000 0.750000
vt 0.375000 1.000000
vt 0.375000 0.500000
vt 0.125000 0.750000
vt 0.125000 0.500000
vt 0.875000 0.500000
vt 0.625000 0.500000
vt 0.625000 0.250000
vt 0.625000 0.750000
vt 0.625000 1.000000
vt 0.375000 0.750000
vt 0.875000 0.750000
vn -0.0547 0.9894 -0.1345
vn 0.8658 0.1141 0.4872
vn -0.4973 0.0898 0.8629
vn 0.0547 -0.9894 0.1345
vn 0.4973 -0.0898 -0.8629
vn -0.8658 -0.1141 -0.4872
s off
f 25/45/14 23/46/14 21/47/14
f 23/48/15 28/49/15 24/50/15
f 27/51/16 26/52/16 28/49/16
f 22/53/17 28/54/17 26/52/17
f 21/55/18 24/56/18 22/57/18
f 25/58/19 22/53/19 26/59/19
f 25/45/14 27/60/14 23/46/14
f 23/48/15 27/51/15 28/49/15
f 27/51/16 25/61/16 26/52/16
f 22/53/17 24/62/17 28/54/17
f 21/55/18 23/63/18 24/56/18
f 25/58/19 21/64/19 22/53/19
o Cube.003
v -3.250696 2.042368 -9.938122
v -3.244853 0.045455 -9.827187
v -2.499356 2.147369 -8.087591
v -2.493514 0.150457 -7.976656
v -5.104194 2.078637 -9.187635
v -5.098351 0.081724 -9.076700
v -4.352854 2.183638 -7.337105
v -4.347012 0.186726 -7.226170
vt 0.625000 0.000000
vt 0.375000 0.250000
vt 0.375000 0.000000
vt 0.625000 0.250000
vt 0.375000 0.500000
vt 0.375000 0.250000
vt 0.625000 0.500000
vt 0.375000 0.750000
vt 0.625000 0.750000
vt 0.375000 1.000000
vt 0.375000 0.500000
vt 0.125000 0.750000
vt 0.125000 0.500000
vt 0.875000 0.500000
vt 0.625000 0.500000
vt 0.625000 0.250000
vt 0.625000 0.750000
vt 0.625000 1.000000
vt 0.375000 0.750000
vt 0.875000 0.750000
vn -0.0029 0.9985 -0.0555
vn 0.3757 0.0525 0.9253
vn -0.9267 0.0181 0.3752
vn 0.0029 -0.9985 0.0555
vn 0.9267 -0.0181 -0.3752
vn -0.3757 -0.0525 -0.9253
s off
f 33/65/20 31/66/20 29/67/20
f 31/68/21 36/69/21 32/70/21
f 35/71/22 34/72/22 36/69/22
f 30/73/23 36/74/23 34/72/23
f 29/75/24 32/76/24 30/77/24
f 33/78/25 30/73/25 34/79/25
f 33/65/20 35/80/20 31/66/20
f 31/68/21 35/71/21 36/69/21
f 35/71/22 33/81/22 34/72/22
f 30/73/23 32/82/23 36/74/23
f 29/75/24 31/83/24 32/76/24
f 33/78/25 29/84/25 30/73/25
o Cube.004
v 1.157310 2.043647 -6.775014
v 1.145740 0.044077 -6.735177
v 0.594368 2.085130 -4.856323
v 0.582797 0.085560 -4.816486
v -0.761794 2.043534 -7.338075
v -0.773365 0.043964 -7.298238
v -1.324737 2.085017 -5.419384
v -1.336307 0.085448 -5.379547
vt 0.625000 0.000000
vt 0.375000 0.250000
vt 0.375000 0.000000
vt 0.625000 0.250000
vt 0.375000 0.500000
vt 0.375000 0.250000
vt 0.625000 0.500000
vt 0.375000 0.750000
vt 0.625000 0.750000
vt 0.375000 1.000000
vt 0.375000 0.500000
vt 0.125000 0.750000
vt 0.125000 0.500000
vt 0.875000 0.500000
vt 0.625000 0.500000
vt 0.625000 0.250000
vt 0.625000 0.750000
vt 0.625000 1.000000
vt 0.375000 0.750000
vt 0.875000 0.750000
vn 0.0058 0.9998 -0.0199
vn -0.2815 0.0207 0.9593
vn -0.9596 -0.0001 -0.2815
vn -0.0058 -0.9998 0.0199
vn 0.9596 0.0001 0.2815
vn 0.2815 -0.0207 -0.9593
s off
f 41/85/26 39/86/26 37/87/26
f 39/88/27 44/89/27 40/90/27
f 43/91/28 42/92/28 44/89/28
f 38/93/29 44/94/29 42/92/29
f 37/95/30 40/96/30 38/97/30
f 41/98/31 38/93/31 42/99/31
f 41/85/26 43/100/26 39/86/26
f 39/88/27 43/91/27 44/89/27
f 43/91/28 41/101/28 42/92/28
f 38/93/29 40/102/29 44/94/29
f 37/95/30 39/103/30 40/96/30
f 41/98/31 37/104/31 38/93/31
o Cube.005
v 6.646640 2.846882 -4.401371
v 6.672855 0.882449 -4.775960
v 7.444988 2.513687 -2.598146
v 7.471203 0.549254 -2.972734
v 4.813077 2.673720 -3.621589
v 4.839292 0.709287 -3.996178
v 5.611424 2.340525 -1.818363
v 5.637640 0.376092 -2.192952
vt 0.625000 0.000000
vt 0.375000 0.250000
vt 0.375000 0.000000
vt 0.625000 0.250000
vt 0.375000 0.500000
vt 0.375000 0.250000
vt 0.625000 0.500000
vt 0.375000 0.750000
vt 0.625000 0.750000
vt 0.375000 1.000000
vt 0.375000 0.500000
vt 0.125000 0.750000
vt 0.125000 0.500000
vt 0.875000 0.500000
vt 0.625000 0.500000
vt 0.625000 0.250000
vt 0.625000 0.750000
vt 0.625000 1.000000
vt 0.375000 0.750000
vt 0.875000 0.750000
vn -0.0131 0.9822 0.1873
vn 0.3992 -0.1666 0.9016
vn -0.9168 -0.0866 0.3899
vn 0.0131 -0.9822 -0.1873
vn 0.9168 0.0866 -0.3899
vn -0.3992 0.1666 -0.9016
s off
f 49/105/32 47/106/32 45/107/32
f 47/108/33 52/109/33 48/110/33
f 51/111/34 50/112/34 52/109/34
f 46/113/35 52/114/35 50/112/35
f 45/115/36 48/116/36 46/117/36
f 49/118/37 46/113/37 50/119/37
f 49/105/32 51/120/32 47/106/32
f 47/108/33 51/111/33 52/109/33
f 51/111/34 49/121/34 50/112/34
f 46/113/35 48/122/35 52/114/35
f 45/115/36 47/123/36 48/116/36
f 49/118/37 45/124/37 46/113/37
o Cube.006
v 5.559413 2.840054 2.347260
v 5.595136 0.882367 1.939596
v 5.717203 2.436356 4.299727
v 5.752926 0.478670 3.892064
v 3.565967 2.773017 2.494501
v 3.601690 0.815331 2.086838
v 3.723758 2.369319 4.446969
v 3.759481 0.411633 4.039306
vt 0.625000 0.000000
vt 0.375000 0.250000
vt 0.375000 0.000000
vt 0.625000 0.250000
vt 0.375000 0.500000
vt 0.375000 0.250000
vt 0.625000 0.500000
vt 0.375000 0.750000
vt 0.625000 0.750000
vt 0.375000 1.000000
vt 0.375000 0.500000
vt 0.125000 0.750000
vt 0.125000 0.500000
vt 0.875000 0.500000
vt 0.625000 0.500000
vt 0.625000 0.250000
vt 0.625000 0.750000
vt 0.625000 1.000000
vt 0.375000 0.750000
vt 0.875000 0.750000
vn -0.0179 0.9788 0.2038
vn 0.0789 -0.2018 0.9762
vn -0.9967 -0.0335 0.0736
vn 0.0179 -0.9788 -0.2038
vn 0.9967 0.0335 -0.0736
vn -0.0789 0.2018 -0.9762
s off
f 57/125/38 55/126/38 53/127/38
f 55/128/39 60/129/39 56/130/39
f 59/131/40 58/132/40 60/129/40
f 54/133/41 60/134/41 58/132/41
f 53/135/42 56/136/42 54/137/42
f 57/138/43 54/133/43 58/139/43
f 57/125/38 59/140/38 55/126/38
f 55/128/39 59/131/39 60/129/39
f 59/131/40 57/141/40 58/132/40
f 54/133/41 56/142/41 60/134/41
f 53/135/42 55/143/42 56/136/42
f 57/138/43 53/144/43 54/133/43
o Cube.007
v 1.701860 0.167526 9.445151
v 1.744110 2.147993 9.169538
v 1.803387 -0.109920 7.467093
v 1.845637 1.870548 7.191479
v 3.698834 0.139730 9.551548
v 3.741085 2.120198 9.275934
v 3.800362 -0.137715 7.573490
v 3.842612 1.842752 7.297875
vt 0.625000 0.000000
vt 0.375000 0.250000
vt 0.375000 0.000000
vt 0.625000 0.250000
vt 0.375000 0.500000
vt 0.625000 0.500000
vt 0.375000 0.750000
vt 0.625000 0.750000
vt 0.375000 1.000000
vt 0.125000 0.750000
vt 0.125000 0.500000
vt 0.875000 0.500000
vt 0.625000 1.000000
vt 0.875000 0.750000
vn -0.9985 0.0139 -0.0532
vn 0.0508 -0.1387 -0.9890
vn 0.9985 -0.0139 0.0532
vn -0.0508 0.1387 0.9890
vn -0.0211 -0.9902 0.1378
vn 0.0211 0.9902 -0.1378
s off
f 62/145/44 63/146/44 61/147/44
f 64/148/45 67/149/45 63/146/45
f 68/150/46 65/151/46 67/149/46
f 66/152/47 61/153/47 65/151/47
f 67/149/48 61/154/48 63/155/48
f 64/156/49 66/152/49 68/150/49
f 62/145/44 64/148/44 63/146/44
f 64/148/45 68/150/45 67/149/45
f 68/150/46 66/152/46 65/151/46
f 66/152/47 62/157/47 61/153/47
f 67/149/48 65/151/48 61/154/48
f 64/156/49 62/158/49 66/152/49
o Cube.008
v -4.131800 0.735357 8.032707
v -4.155074 2.728755 7.872013
v -5.206207 0.587350 6.352307
v -5.229481 2.580749 6.191613
v -2.445055 0.668586 6.960124
v -2.468329 2.661984 6.799430
v -3.519463 0.520580 5.279724
v -3.542736 2.513978 5.119030
vt 0.625000 0.000000
vt 0.375000 0.250000
vt 0.375000 0.000000
vt 0.625000 0.250000
vt 0.375000 0.500000
vt 0.625000 0.500000
vt 0.375000 0.750000
vt 0.625000 0.750000
vt 0.375000 1.000000
vt 0.125000 0.750000
vt 0.125000 0.500000
vt 0.875000 0.500000
vt 0.625000 1.000000
vt 0.875000 0.750000
vn -0.8434 0.0334 0.5363
vn -0.5372 -0.0740 -0.8402
vn 0.8434 -0.0334 -0.5363
vn 0.5372 0.0740 0.8402
vn 0.0116 -0.9967 0.0803
vn -0.0116 0.9967 -0.0803
s off
f 70/159/50 71/160/50 69/161/50
f 72/162/51 75/163/51 71/160/51
f 76/164/52 73/165/52 75/163/52
f 74/166/53 69/167/53 73/165/53
f 75/163/54 69/168/54 71/169/54
f 72/170/55 74/166/55 76/164/55
f 70/159/50 72/162/50 71/160/50
f 72/162/51 76/164/51 75/163/51
f 76/164/52 74/166/52 73/165/52
f 74/166/53 70/171/53 69/167/53
f 75/163/54 73/165/54 69/168/54
f 72/170/55 70/172/55 74/166/55
o Cube.009
v 8.557641 2.590379 -0.543018
v 8.545878 0.590819 -0.502760
v 7.988610 2.632320 1.373865
v 7.976847 0.632760 1.414124
v 6.640335 2.590199 -1.112171
v 6.628572 0.590638 -1.071913
v 6.071303 2.632140 0.804713
v 6.059541 0.632580 0.844971
vt 0.625000 0.000000
vt 0.375000 0.250000
vt 0.375000 0.000000
vt 0.625000 0.250000
vt 0.375000 0.500000
vt 0.375000 0.250000
vt 0.625000 0.500000
vt 0.375000 0.750000
vt 0.625000 0.750000
vt 0.375000 1.000000
vt 0.375000 0.500000
vt 0.125000 0.750000
vt 0.125000 0.500000
vt 0.875000 0.500000
vt 0.625000 0.500000
vt 0.625000 0.250000
vt 0.625000 0.750000
vt 0.625000 1.000000
vt 0.375000 0.750000
vt 0.875000 0.750000
vn 0.0059 0.9998 -0.0201
vn -0.2845 0.0210 0.9584
vn -0.9587 -0.0001 -0.2846
vn -0.0059 -0.9998 0.0201
vn 0.9587 0.0001 0.2846
vn 0.2845 -0.0210 -0.9584
s off
f 81/173/56 79/174/56 77/175/56
f 79/176/57 84/177/57 80/178/57
f 83/179/58 82/180/58 84/177/58
f 78/181/59 84/182/59 82/180/59
f 77/183/60 80/184/60 78/185/60
f 81/186/61 78/181/61 82/187/61
f 81/173/56 83/188/56 79/174/56
f 79/176/57 83/179/57 84/177/57
f 83/179/58 81/189/58 82/180/58
f 78/181/59 80/190/59 84/182/59
f 77/183/60 79/191/60 80/184/60
f 81/186/61 77/192/61 78/181/61
o Cube.010
v 3.858014 2.471069 -6.612259
v 3.857587 0.471543 -6.655784
v 4.448207 2.429356 -4.701779
v 4.447781 0.429830 -4.745305
v 1.947079 2.458632 -6.022196
v 1.946652 0.459106 -6.065722
v 2.537273 2.416919 -4.111717
v 2.536846 0.417393 -4.155242
vt 0.625000 0.000000
vt 0.375000 0.250000
vt 0.375000 0.000000
vt 0.625000 0.250000
vt 0.375000 0.500000
vt 0.375000 0.250000
vt 0.625000 0.500000
vt 0.375000 0.750000
vt 0.625000 0.750000
vt 0.375000 1.000000
vt 0.375000 0.500000
vt 0.125000 0.750000
vt 0.125000 0.500000
vt 0.875000 0.500000
vt 0.625000 0.500000
vt 0.625000 0.250000
vt 0.625000 0.750000
vt 0.625000 1.000000
vt 0.375000 0.750000
vt 0.875000 0.750000
vn 0.0002 0.9998 0.0218
vn 0.2951 -0.0209 0.9552
vn -0.9555 -0.0062 0.2950
vn -0.0002 -0.9998 -0.0218
vn 0.9555 0.0062 -0.2950
vn -0.2951 0.0209 -0.9552
s off
f 89/193/62 87/194/62 85/195/62
f 87/196/63 92/197/63 88/198/63
f 91/199/64 90/200/64 92/197/64
f 86/201/65 92/202/65 90/200/65
f 85/203/66 88/204/66 86/205/66
f 89/206/67 86/201/67 90/207/67
f 89/193/62 91/208/62 87/194/62
f 87/196/63 91/199/63 92/197/63
f 91/199/64 89/209/64 90/200/64
f 86/201/65 88/210/65 92/202/65
f 85/203/66 87/211/66 88/204/66
f 89/206/67 85/212/67 86/201/67
o Cube.011
v 3.019739 2.573898 -10.433004
v 3.009266 0.574275 -10.395651
v 2.492606 2.612692 -8.504112
v 2.482133 0.613068 -8.466759
v 1.090485 2.574154 -10.960241
v 1.080012 0.574530 -10.922888
v 0.563352 2.612947 -9.031349
v 0.552879 0.613324 -8.993996
vt 0.625000 0.000000
vt 0.375000 0.250000
vt 0.375000 0.000000
vt 0.625000 0.250000
vt 0.375000 0.500000
vt 0.375000 0.250000
vt 0.625000 0.500000
vt 0.375000 0.750000
vt 0.625000 0.750000
vt 0.375000 1.000000
vt 0.375000 0.500000
vt 0.125000 0.750000
vt 0.125000 0.500000
vt 0.875000 0.500000
vt 0.625000 0.500000
vt 0.625000 0.250000
vt 0.625000 0.750000
vt 0.625000 1.000000
vt 0.375000 0.750000
vt 0.875000 0.750000
vn 0.0052 0.9998 -0.0187
vn -0.2636 0.0194 0.9644
vn -0.9646 0.0001 -0.2636
vn -0.0052 -0.9998 0.0187
vn 0.9646 -0.0001 0.2636
vn 0.2636 -0.0194 -0.9644
s off
f 97/213/68 95/214/68 93/215/68
f 95/216/69 100/217/69 96/218/69
f 99/219/70 98/220/70 100/217/70
f 94/221/71 100/222/71 98/220/71
f 93/223/72 96/224/72 94/225/72
f 97/226/73 94/221/73 98/227/73
f 97/213/68 99/228/68 95/214/68
f 95/216/69 99/219/69 100/217/69
f 99/219/70 97/229/70 98/220/70
f 94/221/71 96/230/71 100/222/71
f 93/223/72 95/231/72 96/224/72
f 97/226/73 93/232/73 94/221/73
o Cube.013
v -4.386885 2.722462 -5.429569
v -4.352733 0.725321 -5.530856
v -5.110035 2.615682 -3.567943
v -5.075884 0.618541 -3.669230
v -6.251258 2.727297 -6.153510
v -6.217106 0.730155 -6.254797
v -6.974409 2.620517 -4.291883
v -6.940257 0.623375 -4.393170
vt 0.625000 0.000000
vt 0.375000 0.250000
vt 0.375000 0.000000
vt 0.625000 0.250000
vt 0.375000 0.500000
vt 0.375000 0.250000
vt 0.625000 0.500000
vt 0.375000 0.750000
vt 0.625000 0.750000
vt 0.375000 1.000000
vt 0.375000 0.500000
vt 0.125000 0.750000
vt 0.125000 0.500000
vt 0.875000 0.500000
vt 0.625000 0.500000
vt 0.625000 0.250000
vt 0.625000 0.750000
vt 0.625000 1.000000
vt 0.375000 0.750000
vt 0.875000 0.750000
vn -0.0171 0.9986 0.0506
vn -0.3616 -0.0534 0.9308
vn -0.9322 0.0024 -0.3620
vn 0.0171 -0.9986 -0.0506
vn 0.9322 -0.0024 0.3620
vn 0.3616 0.0534 -0.9308
s off
f 105/233/74 103/234/74 101/235/74
f 103/236/75 108/237/75 104/238/75
f 107/239/76 106/240/76 108/237/76
f 102/241/77 108/242/77 106/240/77
f 101/243/78 104/244/78 102/245/78
f 105/246/79 102/241/79 106/247/79
f 105/233/74 107/248/74 103/234/74
f 103/236/75 107/239/75 108/237/75
f 107/239/76 105/249/76 106/240/76
f 102/241/77 104/250/77 108/242/77
f 101/243/78 103/251/78 104/244/78
f 105/246/79 101/252/79 102/241/79
o Cube.014
v -3.984127 -0.108907 11.477713
v -4.020634 1.845167 11.902286
v -4.148662 0.311362 9.529303
v -4.185168 2.265436 9.953876
v -1.991241 -0.038413 11.324628
v -2.027747 1.915661 11.749201
v -2.155775 0.381856 9.376218
v -2.192282 2.335929 9.800791
vt 0.625000 0.000000
vt 0.375000 0.250000
vt 0.375000 0.000000
vt 0.625000 0.250000
vt 0.375000 0.500000
vt 0.625000 0.500000
vt 0.375000 0.750000
vt 0.625000 0.750000
vt 0.375000 1.000000
vt 0.125000 0.750000
vt 0.125000 0.500000
vt 0.875000 0.500000
vt 0.625000 1.000000
vt 0.875000 0.750000
vn -0.9964 -0.0352 0.0765
vn -0.0823 0.2101 -0.9742
vn 0.9964 0.0352 -0.0765
vn 0.0823 -0.2101 0.9742
vn 0.0183 -0.9770 -0.2123
vn -0.0183 0.9770 0.2123
s off
f 110/253/80 111/254/80 109/255/80
f 112/256/81 115/257/81 111/254/81
f 116/258/82 113/259/82 115/257/82
f 114/260/83 109/261/83 113/259/83
f 115/257/84 109/262/84 111/263/84
f 112/264/85 114/260/85 116/258/85
f 110/253/80 112/256/80 111/254/80
f 112/256/81 116/258/81 115/257/81
f 116/258/82 114/260/82 113/259/82
f 114/260/83 110/265/83 109/261/83
f 115/257/84 113/259/84 109/262/84
f 112/264/85 110/266/85 114/260/85
o Cube.015
v 6.661364 1.933525 6.209103
v 6.616235 -0.044614 6.500535
v 6.554140 2.227005 8.184546
v 6.509011 0.248867 8.475977
v 4.664751 1.962475 6.096429
v 4.619621 -0.015663 6.387860
v 4.557526 2.255956 8.071871
v 4.512397 0.277818 8.363302
vt 0.625000 0.000000
vt 0.375000 0.250000
vt 0.375000 0.000000
vt 0.625000 0.250000
vt 0.375000 0.500000
vt 0.375000 0.250000
vt 0.625000 0.500000
vt 0.375000 0.750000
vt 0.625000 0.750000
vt 0.375000 1.000000
vt 0.375000 0.500000
vt 0.125000 0.750000
vt 0.125000 0.500000
vt 0.875000 0.500000
vt 0.625000 0.500000
vt 0.625000 0.250000
vt 0.625000 0.750000
vt 0.625000 1.000000
vt 0.375000 0.750000
vt 0.875000 0.750000
vn 0.0226 0.9891 -0.1457
vn -0.0536 0.1467 0.9877
vn -0.9983 0.0145 -0.0563
vn -0.0226 -0.9891 0.1457
vn 0.9983 -0.0145 0.0563
vn 0.0536 -0.1467 -0.9877
s off
f 121/267/86 119/268/86 117/269/86
f 119/270/87 124/271/87 120/272/87
f 123/273/88 122/274/88 124/271/88
f 118/275/89 124/276/89 122/274/89
f 117/277/90 120/278/90 118/279/90
f 121/280/91 118/275/91 122/281/91
f 121/267/86 123/282/86 119/268/86
f 119/270/87 123/273/87 124/271/87
f 123/273/88 121/283/88 122/274/88
f 118/275/89 120/284/89 124/276/89
f 117/277/90 119/285/90 120/278/90
f 121/280/91 117/286/91 118/275/91
o Cube.012_Cube.018
v 1.227399 2.613243 10.498571
v 1.640935 0.675821 10.224009
v 1.677260 2.434262 12.439084
v 2.090797 0.496841 12.164521
v -0.676968 2.150249 10.897349
v -0.263431 0.212827 10.622787
v -0.227106 1.971268 12.837862
v 0.186430 0.033847 12.563299
vt 0.625000 0.000000
vt 0.375000 0.250000
vt 0.375000 0.000000
vt 0.625000 0.250000
vt 0.375000 0.500000
vt 0.375000 0.250000
vt 0.625000 0.500000
vt 0.375000 0.750000
vt 0.625000 0.750000
vt 0.375000 1.000000
vt 0.375000 0.500000
vt 0.125000 0.750000
vt 0.125000 0.500000
vt 0.875000 0.500000
vt 0.625000 0.500000
vt 0.625000 0.250000
vt 0.625000 0.750000
vt 0.625000 1.000000
vt 0.375000 0.750000
vt 0.875000 0.750000
vn -0.2068 0.9687 0.1373
vn 0.2249 -0.0895 0.9703
vn -0.9522 -0.2315 0.1994
vn 0.2068 -0.9687 -0.1373
vn 0.9522 0.2315 -0.1994
vn -0.2249 0.0895 -0.9703
s off
f 129/287/92 127/288/92 125/289/92
f 127/290/93 132/291/93 128/292/93
f 131/293/94 130/294/94 132/291/94
f 126/295/95 132/296/95 130/294/95
f 125/297/96 128/298/96 126/299/96
f 129/300/97 126/295/97 130/301/97
f 129/287/92 131/302/92 127/288/92
f 127/290/93 131/293/93 132/291/93
f 131/293/94 129/303/94 130/294/94
f 126/295/95 128/304/95 132/296/95
f 125/297/96 127/305/96 128/298/96
f 129/300/97 125/306/97 126/295/97
